100 61 54 123 0 50 40 
100 61 54 173 0 50 40 
100 61 54 223 0 19 40 0 31 177 
100 61 55 17 0 1 177 0 49 64 
100 61 55 67 0 24 64 0 26 34 
100 61 55 117 0 50 34 
100 61 55 167 0 50 34 
100 61 55 217 0 28 34 0 22 28 
100 61 56 11 0 50 28 
100 61 56 61 0 50 28 
100 61 56 111 0 50 28 
100 61 56 161 0 50 28 
100 61 56 211 0 3 28 0 47 20 
100 61 57 5 0 50 20 
100 61 57 55 0 50 20 
100 61 57 105 0 50 20 
100 61 57 155 0 35 20 0 15 60 
100 61 57 205 0 50 60 
100 61 57 255 0 50 60 
100 61 58 49 0 11 60 0 39 17 
100 61 58 99 0 50 17 
100 61 58 149 0 27 17 0 23 24 
100 61 58 199 0 50 24 
100 61 58 249 0 50 24 
100 61 59 43 0 50 24 
100 61 59 93 0 45 24 0 5 54 
100 61 59 143 0 50 54 
100 61 59 193 0 12 54 0 38 37 
100 61 59 243 0 5 37 0 45 12 
100 61 60 37 0 50 12 
100 61 60 87 0 22 12 0 28 78 
100 61 60 137 0 50 78 
100 61 60 187 0 44 78 0 6 84 
100 61 60 237 0 50 84 
100 61 61 31 0 50 84 
100 61 61 81 0 17 84 0 33 17 
100 61 61 131 0 39 17 0 11 27 
100 61 61 181 0 50 27 
100 61 61 231 0 50 27 
100 61 62 25 0 50 27 
100 61 62 75 0 43 27 0 7 12 
100 61 62 125 0 50 12 
100 61 62 175 0 50 12 
100 61 62 225 0 8 12 0 42 9 
100 61 63 19 0 50 9 
100 61 63 69 0 22 9 0 28 93 
100 61 63 119 0 35 93 0 15 36 
100 61 63 169 0 50 36 
100 61 63 219 0 15 36 0 35 30 
100 61 64 13 0 50 30 
100 61 64 63 0 50 30 
100 61 64 113 0 28 30 0 22 62 
100 61 64 163 0 50 62 
100 61 64 213 0 50 62 
100 61 65 7 0 7 62 0 43 45 
100 61 65 57 0 2 45 0 48 10 
100 61 65 107 0 50 10 
100 61 65 157 0 10 10 0 40 56 
100 61 65 207 0 42 56 0 8 23 
100 61 66 1 0 50 23 
100 61 66 51 0 32 23 0 18 20 
100 61 66 101 0 50 20 
100 61 66 151 0 7 20 0 43 50 
100 61 66 201 0 50 50 
100 61 66 251 0 5 50 0 45 66 
100 61 67 45 0 15 66 0 35 78 
100 61 67 95 0 21 78 0 29 153 
100 61 67 145 0 33 153 0 17 29 
100 61 67 195 0 30 29 0 20 37 
100 61 67 245 0 18 37 0 32 56 
100 61 68 39 0 28 56 0 22 33 
100 61 68 89 0 50 33 
100 61 68 139 0 50 33 
100 61 68 189 0 50 33 
100 61 68 239 0 18 33 0 32 7 
100 61 69 33 0 50 7 
100 61 69 83 0 28 7 0 22 25 
100 61 69 133 0 22 25 0 28 2 
100 61 69 183 0 50 2 
100 61 69 233 0 34 2 0 16 12 
100 61 70 27 0 28 12 0 22 28 
100 61 70 77 0 50 28 
100 61 70 127 0 50 28 
100 61 70 177 0 50 28 
100 61 70 227 0 50 28 
100 61 71 21 0 50 28 
100 61 71 71 0 50 28 
100 61 71 121 0 50 28 
100 61 71 171 0 50 28 
100 61 71 221 0 27 28 0 23 99 
100 61 72 15 0 50 99 
100 61 72 65 0 47 99 0 3 28 
100 61 72 115 0 50 28 
100 61 72 165 0 50 28 
100 61 72 215 0 50 28 
100 61 73 9 0 16 28 0 34 26 
100 61 73 59 0 50 26 
100 61 73 109 0 50 26 
100 61 73 159 0 50 26 
100 61 73 209 0 33 26 0 17 32 
100 61 74 3 0 19 32 0 31 37 
100 61 74 53 0 50 37 
100 61 74 103 0 11 37 0 39 8 
100 61 74 153 0 16 8 0 31 238 0 3 26 
100 61 74 203 0 50 26 
100 61 74 253 0 50 26 
100 61 75 47 0 50 26 
100 61 75 97 0 50 26 
100 61 75 147 0 3 26 0 40 111 0 7 19 
100 61 75 197 0 50 19 
100 61 75 247 0 50 19 
100 61 76 41 0 50 19 
100 61 76 91 0 50 19 
100 61 76 141 0 30 19 0 20 29 
100 61 76 191 0 47 29 0 3 42 
100 61 76 241 0 50 42 
100 61 77 35 0 50 42 
100 61 77 85 0 50 42 
100 61 77 135 0 31 42 0 19 49 
100 61 77 185 0 50 49 
100 61 77 235 0 50 49 
100 61 78 29 0 49 49 0 1 68 
100 61 78 79 0 50 68 
100 61 78 129 0 26 68 0 24 83 
100 61 78 179 0 50 83 
100 61 78 229 0 7 83 0 43 72 
100 61 79 23 0 45 72 0 5 27 
100 61 79 73 0 50 27 
100 61 79 123 0 50 27 
100 61 79 173 0 50 27 
100 61 79 223 0 46 27 0 4 59 
100 61 80 17 0 42 59 0 8 26 
100 61 80 67 0 50 26 
100 61 80 117 0 26 26 0 24 24 
100 61 80 167 0 50 24 
100 61 80 217 0 50 24 
100 61 81 11 0 50 24 
100 61 81 61 0 50 24 
100 61 81 111 0 5 24 0 45 23 
100 61 81 161 0 50 23 
100 61 81 211 0 50 23 
100 61 82 5 0 34 23 0 16 101 
100 61 82 55 0 10 101 0 34 187 0 6 50 
100 61 82 105 0 50 50 
100 61 82 155 0 50 50 
100 61 82 205 0 50 50 
100 61 82 255 0 16 50 0 34 30 
100 61 83 49 0 24 30 0 26 58 
100 61 83 99 0 50 58 
100 61 83 149 0 50 58 
100 61 83 199 0 14 58 0 34 42 0 2 5 
100 61 83 249 0 50 5 
100 61 84 43 0 40 5 0 10 36 
100 61 84 93 0 33 36 0 17 86 
100 61 84 143 0 20 86 0 30 26 
100 61 84 193 0 26 26 0 24 24 
100 61 84 243 0 50 24 
100 61 85 37 0 50 24 
100 61 85 87 0 50 24 
100 61 85 137 0 50 24 
100 61 85 187 0 50 41 
100 61 85 237 0 50 41 
100 61 86 31 0 50 41 
100 61 86 81 0 11 41 0 25 80 0 14 11 
100 61 86 131 0 30 11 0 20 32 
100 61 86 181 0 50 32 
100 61 86 231 0 50 32 
100 61 87 25 0 50 32 
100 61 87 75 0 15 32 0 35 101 
100 61 87 125 0 50 101 
100 61 87 175 0 37 101 0 13 9 
100 61 87 225 0 50 9 
100 61 88 19 0 50 9 
100 61 88 69 0 6 9 0 44 65 
100 61 88 119 0 14 65 0 36 14 
100 61 88 169 0 28 14 0 22 41 
100 61 88 219 0 30 41 0 20 43 
100 61 89 13 0 50 43 
100 61 89 63 0 50 43 
100 61 89 113 0 50 43 
100 61 89 163 0 50 43 
100 61 89 213 0 2 43 0 48 50 
100 61 90 7 0 50 50 
100 61 90 57 0 11 50 0 39 46 
100 61 90 107 0 44 46 0 6 21 
100 61 90 157 0 50 21 
100 61 90 207 0 50 21 
100 61 91 1 0 50 21 
100 61 91 51 0 50 21 
100 61 91 101 0 27 21 0 23 36 
100 61 91 151 0 50 36 
100 61 91 201 0 16 36 0 34 76 
100 61 91 251 0 19 76 0 31 38 
100 61 92 45 0 50 38 
100 61 92 95 0 50 38 
100 61 92 145 0 50 38 
100 61 92 195 0 13 38 0 37 85 
100 61 92 245 0 10 85 0 40 62 
100 61 93 39 0 50 62 
100 61 93 89 0 40 62 0 10 84 
100 61 93 139 0 23 84 0 27 31 
100 61 93 189 0 50 31 
100 61 93 239 0 50 31 
100 61 94 33 0 50 31 
100 61 94 83 0 44 31 0 6 66 
100 61 94 133 0 50 66 
100 61 94 183 0 50 66 
100 61 94 233 0 46 66 0 4 12 
100 61 95 27 0 50 12 
100 61 95 77 0 50 12 
100 61 95 127 0 8 12 0 42 65 
100 61 95 177 0 50 65 
100 61 95 227 0 50 65 
